6
40
0.385163237626
1.756103431836
0.176412472124
0.414659517140
2.540899473710
1.774486208706
0.129165921824
2.359683006729
4.095379206519
0.235153654229
2.458329118841
4.870596338822
0.262559519131
1.224439856090
4.386744372930
0.431449458342
1.413914141965
2.642722986144
1.038181417458
0.333539998485
0.852771419249
0.131150618712
0.201495491645
0.938196262864
3.052834768908
0.243308568416
2.430225985587
4.642819970091
0.305320085429
2.591929412022
2.145994648493
0.094671625361
1.816807154851
5.946955109274
0.261224987600
1.631150544712
2.635479736982
1.014409011058
0.304909683229
2.781696795293
2.129604232356
0.185439766723
1.883895179290
0.100641877412
0.284481964895
0.987998188939
2.045941922780
0.267243501978
1.757934472754
4.268466274239
0.169321415422
0.279778072653
0.212338249473
0.237458315009
0.818802064332
5.242362994648
1.016912243943
0.134501558107
2.333390522332
4.492953359063
0.067063673306
0.317022965044
6.000212843855
0.217266594311
1.504579479617
6.253680010574
0.114501565136
1.974711213016
0.526046188174
0.367257575166
0.682037535083
2.838375934483
0.252659397365
0.788990595496
1.371243773853
1.005701740607
0.281575517546
0.379179200281
5.072341438507
0.169217708043
1.775482814910
1.216806878108
0.265949715018
2.041380366433
3.113344557045
0.249165096405
1.444975519779
0.153903938546
0.198977383878
0.458680707853
0.147730478214
0.243393996552
0.706318219383
4.027253007023
1.013380823836
0.064530383261
2.608710829783
4.396354112972
0.020208874065
1.854094486686
3.831036414304
0.167375714396
1.970548424069
6.111276488965
0.072358453102
1.554197050357
2.507834435688
0.415808464005
0.367592407956
1.941796842160
0.279269649331
1.997298948123
1.322000975634
1.001092551591
0.135792639031
1.691722170051
4.074590728965
0.067759579964
1.775772233102
6.209272137317
0.218684835626
1.019486333496
1.090129952267
0.115004189779
2.537176527190
6.080340488678
0.366949503943
0.195899590905
0.088185160978
0.251601875646
2.460818012598
3.891820217367
1.005153659503
0.133090874158
2.155540932685
2.857453598213
0.070546856543
1.425157463248
4.237414353380
0.224701194889
1.005376189516
0.600934503275
0.096278762859
0.745204578490
4.646903548164
0.395063996570
0.088855138734
0.810487271600
0.248904082545
1.055632560761
2.952845862518
1.006044067962
0.148948148475
1.017010013486
4.235680111586
0.168994427532
1.474049992664
5.414420788087
0.256625318655
1.426204730220
4.127071419679
0.095507110624
2.014827481689
0.997772831844
0.340484416157
0.967254686153
2.231403829516
0.196249576584
1.182763121188
3.546546973988
1.004848139638
0.136532924249
2.661678185384
0.505505690482
0.068108783654
2.327416106299
2.924438193271
0.217095650138
1.423020090527
1.085046396143
0.116430064154
1.026346587909
0.189892894277
0.364817454035
0.562588820797
4.986862210361
0.252452064331
1.293257011948
2.637763183623
1.016358492887
0.136430112287
0.674503260537
4.430213327278
0.068237544056
1.606084349465
5.896976277370
0.217206991933
0.805255631329
1.461681495152
0.115771916406
2.158780852454
3.180950070542
0.365808393499
2.382190827350
1.132652265339
0.252360158361
2.051920250254
5.497973247079
1.005027428403
0.331368273344
2.493367024438
0.383975390633
0.199781971897
1.126980287663
1.293610654231
0.240084415321
1.536487677420
3.586201109130
0.303562311106
2.760737469163
5.152575636464
0.094872374988
2.272895085762
5.541087783749
0.262491885113
1.930673519045
0.977154506156
1.013825941430
0.061590027825
0.941432844031
4.061275564652
0.019355732773
2.561325024401
4.511144127874
0.160017908041
1.549963650234
4.234669406799
0.073048223516
0.710207522984
5.775312986186
0.414950526729
1.438090141715
2.780918714175
0.285546973049
1.156327000553
5.957322488677
1.005636803617
0.333152183511
0.878469616114
1.001545748362
0.205059190960
2.311894224397
4.913847393416
0.295623517056
3.006315984786
3.099302929681
0.292537288028
1.551802920194
2.046257539617
0.136548508352
1.676803234021
2.855432414827
0.234936306760
1.935598121892
0.661531147408
1.010758499685
0.296990818490
0.774054295645
0.117964588872
0.179271504109
2.142411500402
2.393241177996
0.271172238575
1.916117354875
4.405603406025
0.264048934487
1.863878627592
1.015474736584
0.176273608259
0.519168884227
2.469273640120
0.241733846821
2.441760604936
3.908735135702
1.018080041891
0.138481377182
1.718174307022
1.271853682951
0.073809936077
1.650080742264
0.272140798292
0.223893943772
2.232390357633
3.995897684241
0.097444907702
1.815761968738
1.924570679077
0.394801297172
0.481688211467
1.385662531467
0.247504661583
2.278603140710
0.470346992267
1.005379466790
0.145131182148
2.202431264638
2.794227970107
0.073253575685
1.403910492894
0.369399499948
0.215067672792
0.442508209981
3.456014981747
0.119168667929
0.761912646871
5.076210122047
0.362939221444
2.591584821923
0.637297387390
0.250401827475
0.772297366894
1.906121280773
1.004468935127
0.297846713345
1.306310283020
1.547637007093
0.179118522152
1.984836744942
1.927658619624
0.269262231354
1.356842721390
4.770080118951
0.264887855815
2.844463264940
4.783366323838
0.172536267982
1.754264865803
0.793338557890
0.242706875631
0.438345330474
2.552603054271
1.011154276401
0.333684336425
1.875621312449
1.039681896325
0.205358717770
0.567638938890
6.172837981202
0.294988499877
1.322178079351
2.386206592034
0.293255377177
2.576599564165
4.111640636858
0.135188001929
1.102342007316
6.250516245231
0.235318517890
2.237412687167
5.497292105145
1.017343574239
0.133148737929
2.009782010158
2.095249614712
0.072054006431
2.281538803431
1.478689224429
0.220059372080
1.556975189085
2.323828878304
0.095668012219
2.656576049171
4.165380663443
0.396076364570
0.986042790089
0.936061355792
0.249791956321
2.845786978094
0.824570317597
1.000897175876
0.130249043875
1.099886675487
4.431397583824
0.069743188710
0.188684596835
3.397893786497
0.204297704298
1.788253078427
1.678553060522
0.122591800865
2.191898171469
4.818138399910
0.358595249746
1.351429854724
2.468545274037
0.261222590409
0.462518579895
5.724212107656
1.007837216938
0.300557237503
1.599989932097
3.218302196711
0.181148773393
1.067674543012
0.042161063743
0.270446336417
1.663260776983
2.050539465333
0.267166516078
1.751092362844
0.668984511647
0.170279088044
2.432948145899
3.952579562778
0.242473498851
2.431595491009
4.690331526008
1.016657767530
0.324822226503
1.332864162083
4.057394994259
0.175281740275
1.453864862129
1.315669401367
0.336407482859
0.424017932375
2.722219365495
0.307633314256
1.039535938521
2.230940617916
0.123138413237
2.001943364627
6.009459332495
0.189850726190
0.720333259519
5.822528150268
1.012888642500
0.314786558264
1.319491808210
4.149382337006
0.200823679583
1.108450873715
1.441919382568
0.280723406450
2.032949868992
0.421308553899
0.275650419654
1.723952176484
1.959306825006
0.161444201636
2.153839261473
2.228167510434
0.236259947649
0.739550438549
5.928375994828
1.025765301606
0.288110938329
0.085245362197
2.901978967337
0.173720016134
2.257237827663
2.852912754256
0.270681908497
1.371701728781
4.570795905378
0.254304520327
2.135421426824
0.500375562640
0.191019310853
2.370911633964
2.072176230761
0.241827823929
1.505066511426
3.696565307790
1.016553391842
0.331860545188
1.910647879447
1.953541952247
0.204277204748
1.607781571888
5.308256048655
0.293544337710
2.592874139159
1.273682192864
0.291718367992
0.572341712734
3.723046381359
0.139313494280
2.582026501261
2.913017852066
0.235689138837
1.480137506328
0.598848955268
1.017210930412
0.340727915250
0.517167116339
1.220506587695
0.211814858032
2.843645809062
3.130767101446
0.286442589244
1.928824422788
4.574289734868
0.304550728279
2.022789934876
2.286872011529
0.130123807986
1.172801256026
3.208377389885
0.240970732984
2.631125231867
5.704746174650
1.014023806400
0.322909813787
0.682375335447
5.446057545928
0.197273209016
0.947861437763
2.240121477218
0.276073872147
0.190221944974
3.608928676124
0.284757265471
1.470519129182
1.833009477140
0.151172091594
2.544841327072
4.051137315695
0.241964612764
2.095319555849
0.902384657399
1.009985523330
0.386371633447
0.536356974696
2.697004223166
0.386671011599
2.340015496284
4.156458985737
0.042988348440
1.414020952236
5.054358215780
0.202882565622
1.374633846882
3.377095494636
0.212837048985
1.082857542362
4.404835140275
0.511315286537
0.881951646653
0.595983169515
1.031367778203
0.149491890637
1.073649763158
3.393427733849
0.173642129973
1.315439799371
4.772140192233
0.257130252304
1.154546787551
0.194610820958
0.097309974535
0.254386071043
0.325833074427
0.339142648754
2.143934990898
2.916710044256
0.193799516321
1.254007923523
1.850509572401
1.011631480555
0.148198169383
0.774461888615
0.212707091571
0.039248602155
1.436363082357
3.829940414425
0.257502905626
0.298026000855
4.676728330365
0.143431815707
2.013612425259
3.440108756182
0.372224277395
2.210226544391
2.656391275751
0.166231241702
0.774998102834
1.980996542364
1.005507373449
0.088773536840
2.673537713624
3.899286392048
0.035040923287
0.870600440443
2.988271101769
0.196534082276
1.032984595204
5.754318233186
0.079607950748
1.521081653646
5.169873614711
0.411917875131
1.730517950738
1.376094358709
0.257972316952
1.863113146460
4.239916174215
1.010487639553
0.143935270596
0.569752897803
5.943143229167
0.043330981581
1.346138809683
3.102369059257
0.254580323320
2.336574689037
2.879662092414
0.039405568593
1.693501484057
2.557703102655
0.452108491564
2.550875168043
1.453594263346
0.195012290418
2.301007137708
4.072006993699
1.004428614340
0.040481550404
2.652703012141
5.373195078001
0.014567185012
1.832494761056
5.150863234652
0.238812236468
2.569627153942
1.410155517101
0.076269653544
2.221222237682
0.998657523037
0.399477462156
0.263238604955
0.510353781981
0.272954704910
2.553897802743
2.457241019793
1.001012899795
0.119343373988
0.554942634140
0.344740987857
0.165957448383
2.202342020528
2.530119319431
0.251137970367
2.350805348179
5.872614591176
0.066141106386
1.555465884649
5.045578538335
0.371253430434
2.298747314009
0.674940246698
0.188320436516
0.985166621506
4.323281801564
1.007786125743
0.273117254460
0.680614175064
5.693697825256
0.163808240777
1.772192169179
3.126462425063
0.262729689269
1.017311902134
1.744109544251
0.242299798470
2.512125027833
1.369239422399
0.207324909013
2.325305500104
3.861992162265
0.244395710407
0.174905216857
4.814885167999
1.016013357615
0.042161216660
0.985750951124
5.991173350794
0.015036355223
2.059571821278
3.028249565883
0.239893845730
2.391362749115
4.737521583172
0.076823576600
1.796346699760
3.978263865347
0.399137123437
2.262792364471
0.686964230356
0.272219995151
1.520086246537
3.359973812902
1.013907116864
0.331653009662
1.373542282552
1.934054249705
0.200064300791
1.116140804337
5.859828111784
0.240703842012
2.011999474990
3.812989034507
0.303939228814
2.631877065132
1.028546152510
0.094827679293
1.690791687010
1.164346361204
0.262328987258
2.054488177010
4.926881433175
1.022639281431
0.332584387601
1.139470152015
4.226010643899
0.204546570561
2.616691919149
1.683824241713
0.298305832443
1.363305708172
0.758558753025
0.290999444321
1.793025523592
2.398033836205
0.137686393570
1.181584685125
3.274051771823
0.233451730486
1.760605518435
5.602633612852
1.029430168041
0.148158196090
0.820524176466
3.763041709607
0.039436629594
1.848412777634
0.386840904013
0.257264316034
0.948414413193
1.055828314763
0.143300420903
1.729427051184
4.430209807676
0.372139767177
2.406844251772
1.786545631027
0.166785149440
1.511293287356
2.876052580193
1.002587015416
